Fusi_pop: 29.558295582970818
IC_pop: 31.184311843134246
Int_pop: 15.533155331561193
SGN_pop: 33.40433404335737
