Fusi_pop: 24.26824268243913
IC_pop: 24.302243022442553
Int_pop: 24.525245252464966
SGN_pop: 24.346243462446974
