Fusi_pop: 0.2940029400295494
IC_pop: 4.87904879049038
Int_pop: 4.924049240494902
SGN_pop: 32.44532445326098
