Fusi_pop: 63.566635666388905
IC_pop: 4.87904879049038
Int_pop: 4.924049240494902
SGN_pop: 32.79432794329606
