Fusi_pop: 4.910049100493495
IC_pop: 4.87904879049038
Int_pop: 8.731087310877538
SGN_pop: 32.44532445326098
