Fusi_pop: 6.093121862440339
IC_pop: 6.1051221024451445
Int_pop: 6.157123142465972
SGN_pop: 6.148122962462367
