Fusi_pop: 4.910049100493495
IC_pop: 4.87904879049038
Int_pop: 9.065090650911106
SGN_pop: 32.446324463261085
