Fusi_pop: 3.9140391403933887
IC_pop: 3.873038730389268
Int_pop: 3.968039680398816
SGN_pop: 3.9650396503985155
