Fusi_pop: 28.90028900290469
IC_pop: 30.63930639307947
Int_pop: 15.3491534915427
SGN_pop: 32.446324463261085
