Fusi_pop: 13.99627992560561
IC_pop: 14.034280685620828
Int_pop: 14.178283565678504
SGN_pop: 14.058281165630442
