Fusi_pop: 4.910049100493495
IC_pop: 4.87904879049038
Int_pop: 6.017060170604757
SGN_pop: 32.44532445326098
