Fusi_pop: 18.761187611885635
IC_pop: 21.478214782158712
Int_pop: 25.52925529256587
SGN_pop: 33.48433484336542
