Fusi_pop: 18.75518755188503
IC_pop: 21.49321493216022
Int_pop: 25.52225522256517
SGN_pop: 33.485334853365515
