Fusi_pop: 2.558204656373805
IC_pop: 2.521201696136967
Int_pop: 2.5292023361881757
SGN_pop: 2.6232098567898707
