Fusi_pop: 0.013000130001306606
IC_pop: 4.87904879049038
Int_pop: 4.924049240494902
SGN_pop: 32.44532445326098
