Fusi_pop: 4.910049100493495
IC_pop: 9.155091550920151
Int_pop: 4.924049240494902
SGN_pop: 32.44532445326098
