Fusi_pop: 1.4950149501502596
IC_pop: 4.87904879049038
Int_pop: 4.924049240494902
SGN_pop: 32.44532445326098
