Fusi_pop: 29.49829498296479
IC_pop: 31.14931149313073
Int_pop: 15.501155011557977
SGN_pop: 33.72133721338923
