Fusi_pop: 15.592155921567125
IC_pop: 18.725187251882012
Int_pop: 22.78822788229038
SGN_pop: 26.860268602699648
