Fusi_pop: 15.590155901566924
IC_pop: 18.6961869618791
Int_pop: 22.775227752289073
SGN_pop: 26.860268602699648
