Fusi_pop: 4.910049100493495
IC_pop: 4.87904879049038
Int_pop: 5.592055920562042
SGN_pop: 32.446324463261085
