Fusi_pop: 4.910049100493495
IC_pop: 4.87904879049038
Int_pop: 7.5160751607554195
SGN_pop: 32.44532445326098
