Fusi_pop: 5.429054290545659
IC_pop: 5.389053890541638
Int_pop: 5.453054530548071
SGN_pop: 5.480054800550785
