Fusi_pop: 29.100291002924788
IC_pop: 30.78230782309384
Int_pop: 15.394153941547223
SGN_pop: 32.66432664328299
