Fusi_pop: 29.56329563297132
IC_pop: 31.188311883134652
Int_pop: 15.488154881556671
SGN_pop: 33.56533565337355
