Fusi_pop: 14.742294845904393
IC_pop: 14.818296365934833
Int_pop: 14.897297945966473
SGN_pop: 14.847296945946447
