Fusi_pop: 6.41506415064476
IC_pop: 6.4360643606468715
Int_pop: 6.467064670649986
SGN_pop: 6.47406474065069
