Fusi_pop: 29.288292882943683
IC_pop: 30.969309693112635
Int_pop: 15.430154301550843
SGN_pop: 32.8693286933036
