Fusi_pop: 18.18918189182814
IC_pop: 20.96020960210665
Int_pop: 25.137251372526475
SGN_pop: 33.485334853365515
