Fusi_pop: 29.44529445295946
IC_pop: 31.115311153127312
Int_pop: 15.500155001557879
SGN_pop: 33.48433484336542
