Fusi_pop: 63.416634166373825
IC_pop: 4.87904879049038
Int_pop: 4.924049240494902
SGN_pop: 32.66332663328289
