Fusi_pop: 12.848128481291328
IC_pop: 12.796127961286103
Int_pop: 12.817128171288214
SGN_pop: 12.897128971296256
