Fusi_pop: 29.74797479749568
IC_pop: 29.627962796295495
Int_pop: 29.83298329834581
SGN_pop: 29.867986798695867
