Fusi_pop: 5.1965716228811445
IC_pop: 5.2205742631715895
Int_pop: 5.280580863897699
SGN_pop: 5.292582184042922
