Fusi_pop: 28.341283412848508
IC_pop: 4.87904879049038
Int_pop: 4.924049240494902
SGN_pop: 32.446324463261085
