Fusi_pop: 4.910049100493495
IC_pop: 4.87904879049038
Int_pop: 6.6990669906733045
SGN_pop: 32.446324463261085
