Fusi_pop: 53.02953029532985
IC_pop: 4.87904879049038
Int_pop: 4.924049240494902
SGN_pop: 32.446324463261085
