Fusi_pop: 4.71923596180048
IC_pop: 4.7002350117529685
Int_pop: 4.727236361820486
SGN_pop: 4.750237511878
