Fusi_pop: 23.799237992391994
IC_pop: 26.132261322626483
Int_pop: 13.48113481135495
SGN_pop: 26.860268602699648
