Fusi_pop: 14.7621476214837
IC_pop: 17.994179941808543
Int_pop: 22.162221622227463
SGN_pop: 26.860268602699648
