Fusi_pop: 5.752115042303762
IC_pop: 5.735114702296954
Int_pop: 5.820116402330998
SGN_pop: 5.847116942341811
