Fusi_pop: 4.910049100493495
IC_pop: 4.87904879049038
Int_pop: 7.110071100714613
SGN_pop: 32.446324463261085
