Fusi_pop: 29.55029550297002
IC_pop: 31.181311813133945
Int_pop: 15.48615486155647
SGN_pop: 33.64333643338139
