Fusi_pop: 16.045160451612656
IC_pop: 15.957159571603809
Int_pop: 15.986159861606724
SGN_pop: 16.09616096161778
