Fusi_pop: 6.079121582434732
IC_pop: 6.066121322429524
Int_pop: 6.15612312246557
SGN_pop: 6.213124262488401
