Fusi_pop: 30.356607132158036
IC_pop: 30.301606032136007
Int_pop: 30.413608272180863
SGN_pop: 30.282605652128396
