Fusi_pop: 63.075630756339564
IC_pop: 4.87904879049038
Int_pop: 28.64328643287886
SGN_pop: 32.446324463261085
