Fusi_pop: 4.910049100493495
IC_pop: 4.87904879049038
Int_pop: 4.924049240494902
SGN_pop: 4.956049560498118
