Fusi_pop: 23.551942077695045
IC_pop: 23.481939277583006
Int_pop: 23.54994199769184
SGN_pop: 23.489939597595807
