Fusi_pop: 4.263298430892321
IC_pop: 4.22629584071099
Int_pop: 4.291300391029544
SGN_pop: 4.310301721122661
