Fusi_pop: 63.9626396264287
IC_pop: 4.87904879049038
Int_pop: 4.924049240494902
SGN_pop: 33.87133871340431
