Fusi_pop: 9.832196643937863
IC_pop: 9.86019720394908
Int_pop: 10.008200164008356
SGN_pop: 9.934198683978716
