Fusi_pop: 23.787237872390786
IC_pop: 26.134261342626683
Int_pop: 13.490134901355855
SGN_pop: 26.85926859269955
