Fusi_pop: 0.8063144626408345
IC_pop: 0.796310561119236
Int_pop: 0.7703004171630801
SGN_pop: 0.8483308490315479
