Fusi_pop: 63.612636126393525
IC_pop: 4.87904879049038
Int_pop: 4.924049240494902
SGN_pop: 32.8693286933036
