Fusi_pop: 5.068202728111693
IC_pop: 5.054202168089285
Int_pop: 5.0802032081309
SGN_pop: 5.117204688190121
