Fusi_pop: 4.347086941741039
IC_pop: 4.375087501752253
Int_pop: 4.365087301748248
SGN_pop: 4.372087441751051
