Fusi_pop: 19.55819558196574
IC_pop: 22.161221612227358
Int_pop: 26.040260402617232
SGN_pop: 33.48433484336542
