Fusi_pop: 16.538165381662207
IC_pop: 19.541195411964033
Int_pop: 23.43523435235541
SGN_pop: 26.860268602699648
