Fusi_pop: 4.910049100493495
IC_pop: 12.965129651303089
Int_pop: 4.924049240494902
SGN_pop: 32.446324463261085
