Fusi_pop: 29.43929439295886
IC_pop: 31.098310983125607
Int_pop: 15.450154501552852
SGN_pop: 33.485334853365515
