Fusi_pop: 25.40325403255321
IC_pop: 25.493254932562255
Int_pop: 25.62125621257512
SGN_pop: 25.497254972562658
